100
4 2
5 2
6 2
1000 1000
1000 1
508526 410368
500000 127
3 1
500000 131072
289035 276059
751283 677211
352182 301849
1000000 128
1000000 999999
671553 565609
999999 999999
999999 524287
999999 499998
500000 250330
958808 895832
999999 499997
483711 407783
1000000 495066
999999 499999
500000 499999
4 1
486921 471080
252435 202885
500000 262143
999999 262143
702942 687329
2 1
1000000 524288
494536 483300
500000 249999
416414 394316
658023 654347
1000000 2
999999 475711
1000000 475713
560408 517403
373593 310095
500000 250000
457875 433742
999999 128
468024 428073
5 1
747945 733937
500000 131071
647454 644877
1000000 500000
500000 1
776556 728245
999999 475712
1000000 262144
390956 322336
481932 381283
500000 249998
1000000 499999
1000000 262143
920652 868410
999999 999998
3 2
500000 262144
979726 741556
500000 128
950759 756795
500000 500000
693177 547166
500000 220342
2 2
476729 451433
510152 438222
884995 678223
839102 787351
500000 237856
1000000 1
831011 725789
999999 2
496027 441846
500000 237857
999999 524288
1000000 499998
1000000 475712
676543 530681
999999 421371
916756 760033
1000000 398875
999999 496326
999999 262144
333718 311137
999022 874064
1000000 524287
999999 127
1 1
1000000 127
1000000 1000000
312912 248338
999999 1
500000 2
